> e_1
 [1] 12.639854  6.633281  3.348427  2.044545  1.113499  1.217414  1.301690
 [8]  1.371579  1.435692  1.495408  1.547937  1.596609  1.650130  1.700059
[15]  1.749338  1.797179  1.838497  1.881290  1.920973  1.955166  1.987184
[22]  2.010237  2.031910  2.057306  2.074305  2.089768  2.100970  2.106613
[29]  2.107773  2.108921
> e_2
 [1] 106.980693  84.547473  68.733621  57.816671  48.268692  40.275858
 [7]  32.798007  26.354124  21.078976  17.311173  14.734531  12.558604
[13]  10.465431   8.685150   7.184045   5.875920   4.821630   4.008683
[19]   3.323948   2.733083   2.308431   2.046559   1.974705   1.997558
[25]   2.007143   2.043383   2.068426   2.079028   2.089448   2.092109
> e.b_1
 [1] 13.312782  7.477038  4.030492  2.419446  1.408987  1.511981  1.645889
 [8]  1.779386  1.911361  2.044177  2.177750  2.316536  2.455464  2.606335
[15]  2.765053  2.937391  3.118371  3.316503  3.529003  3.756344  4.005605
[22]  4.272132  4.584165  4.916661  5.271447  5.679287  6.178899        NA
[29]        NA        NA
> e.b_2
 [1] 117.153899  98.961800  84.318931  73.400799  64.005110  56.055786
 [7]  49.062315  42.680075  37.109575  32.459834  28.442248  24.992009
[13]  21.975951  19.316447  16.950197  14.841454  13.023366  11.467491
[19]  10.100312   8.928099   7.965962   7.227064   6.676803   6.308238
[25]   6.131309   6.119488   6.299565         NA         NA         NA