x.1 x.2 x.3 x.4 x.5 x.6 x.7 x.8 x.9 x.10 x.11 x.12 x.13 x.14 x.15 x.16 x.17 x.18 x.19 x.20 x.21 y
-0.579956989019402 0.313478715882576 -2.87404249339871 -1.40231588288433 1.79407452864789 -0.179219590350945 0.43745914891607 0.361327874776367 3.52746035609865 2.02692159894237 3.92489761624349 2.45754060345332 4.66416587166115 3.53368957826207 3.21119564648503 4.22616088065233 5.41692479248961 1.24876833795275 1.21354572995651 0.67039340715739 -0.430681647514512 1
-0.953278701946907 0.631514991190992 -0.388459081562126 2.44109687439771 -1.28838216486574 0.577666257673098 2.19368873666462 3.05609927843091 4.8099766493832 5.47597212237101 6.80039836786947 3.44738779453805 2.79248379934011 2.06035996723379 1.06249627128116 0.885591079887668 0.386740110051894 0.337430857744123 0.459231454107246 -0.204901662481784 0.485682445001997 2
-0.179428586945621 -1.22996599112755 -0.565171822813302 2.25629606020649 1.13702896063763 1.69432936806149 2.98886361932537 3.74292870071328 3.99128466556526 4.38576975153593 4.63752093542495 2.02090606444489 2.01524168387448 2.55511867868658 2.6213489150669 -0.268096439594527 0.035752971150918 -1.33865467005023 -0.337267525312569 -1.04940159991292 0.151565365137979 2
1.0098082149443 1.3406647644194 1.70072391966509 0.132232523756987 1.66758020202082 3.35010547063642 6.39907088716156 3.46184458661972 4.16157167954566 5.7272216530918 3.3781122611375 2.28130445904891 2.43737653059198 -0.989575057874673 -0.93107463430967 2.05222954208721 0.0953234242182932 -0.510985848434926 -0.267193736876532 0.0168891022724103 1.26978815839696 2
-0.649028219583901 0.366261340764224 1.99633805958857 2.68739004652087 1.8138871788084 3.0035412993303 4.3322628191857 4.57346267576399 6.20693382494596 3.54676989264098 4.36788707976161 3.65220094920172 2.48073877768237 2.08430412989803 2.18713258831513 0.0499990468367492 -0.836680050194782 -1.27153939072428 -1.0011805860843 0.161901674292895 0.942185821993485 2
-0.504374222048191 1.10695440248067 0.467828340367688 0.589830688745609 0.458526008426864 -1.42866064641316 -0.413393340294625 -0.0952602998269273 -0.0161030736383145 0.649626036447199 2.27802293615308 3.2108192325605 4.58330429790505 3.43912395917821 5.08218091423611 4.34845914379439 1.64651528434777 2.49109006240754 -0.698784269395886 0.291959469816869 -0.161072883630941 1
1.61439149545836 1.47939487098826 0.0220403186670302 0.399103734894867 -1.26114914943113 0.588850103393075 2.07244210688556 4.29290847943046 4.0925936254109 5.46235509399332 5.59494173946482 3.45167868263375 3.76793977713394 3.04555753630295 0.245183936321831 1.68759947022935 0.713172601651843 0.147375362686265 -1.0188387268436 0.401739089584675 0.182154455997548 1
-0.446959811255663 -0.695854888656875 0.81798127289032 1.49958284168404 1.27871304616572 3.21899045117703 3.97518677742944 4.88755243472941 4.7693887824001 2.72235661537764 3.26036840153116 2.48619125440682 2.57505486047835 2.12509778494762 0.797813678834524 1.61752119382815 0.0394033025755432 0.625382681280186 1.6520011317658 1.92829279127557 1.25671856730821 2
0.763176761113315 1.24283860949401 0.101101323306568 1.31271391654778 0.367922710121511 1.20401752785953 2.8763725399531 3.16383343901639 2.44753868517471 5.09384168719331 3.55520406424733 3.8225249287994 3.82561834149624 0.71473752703528 1.98459304540128 -1.11459437446937 -1.13110578221052 -0.84076511261591 1.25766873665234 -0.0789513777164727 0.418269125675566 2
0.443664903687416 0.450249317472311 -0.472478258793863 0.304307855583981 0.667152010831824 1.10192537395122 0.77529851392529 4.56480479977439 4.30608839330399 5.5871077545408 5.59777771933078 4.76845578091028 2.53405598108816 -0.062781973649737 0.377263880809155 1.14314184826351 0.979382929015041 1.05514746646663 -0.242402878664151 -0.125089853270758 0.511996469442772 2
-0.421721870070189 0.480926064725324 0.672794070486354 -1.00200725819239 1.20312707053266 0.998708066502678 1.53512313094212 0.93721204733549 1.47884894185662 3.61350165405956 5.11920493737338 3.61083430765747 3.29816285608121 4.28923550362756 6.22807197630188 3.96927423771516 2.85065764657381 1.32739952077717 1.38175981327932 0.25809701274945 -1.60520710103497 1
-0.492279968227887 -1.46286446232819 -0.743967585584992 0.14665629511642 0.238351023241361 3.3140204375521 0.38918559352269 1.00290321434275 0.113526570643181 1.05912400801804 3.45365654080998 3.72866857760454 5.18606695404847 5.49600186820287 5.98122817348123 4.77637672162454 2.28251453294313 3.59438371367018 2.20584715273108 -0.394166165014874 -1.28140698033011 1
-0.149553565244392 1.53966323733755 1.87466882681447 0.529055525492821 2.93377438660602 0.0262220198164303 0.21612185653294 0.631803131967741 1.4388907504383 1.03474816372293 1.27460116002859 2.27599853749642 3.71412820463865 5.11880156821854 6.51628631260412 3.76876301450407 3.6773455111506 2.54222147350313 0.927338114981566 3.10608484713446 -1.46078282938961 1
1.54998338398246 0.172793618387291 -1.75799914534674 1.44569584076136 0.935025757358322 0.410830872915936 0.10236024234188 1.18658986655848 1.17857963990903 1.40303518918552 3.17338619065671 4.95341412721123 3.31472794430265 4.18601906981911 5.70235924753801 4.39159359725832 1.26819929484713 1.6808697072849 1.04185858352566 0.200256296792898 -0.880840523088362 1
-0.561612535381314 -0.835823924079678 -0.348860909964869 0.59730928742892 1.23388452172586 -0.36908067695099 0.469836956112307 2.35367366222075 2.92431732573056 2.51121752518115 3.550925271923 2.66189888598449 5.0670553183579 4.57234168342487 4.05072547612249 3.7305457172616 5.31822958631454 0.664515289416489 1.79502320366945 0.332289331995595 0.285341943125399 1
-0.647117250632361 -0.655928703879608 0.106589229118385 1.25631692128956 -1.89138472179805 1.11588087671066 3.2776266243172 3.74695496467838 2.48069101778378 4.81018624183459 4.92943616052752 5.83965212924412 4.044307855584 4.62982439725704 1.94517742945375 2.4186447392001 1.98728467406534 0.100202555591535 0.269346068507935 -1.13301551933444 0.630635450157964 1
0.143132159050427 1.05756608653532 -0.537658781205147 1.09744204280521 -0.222651293117936 0.205681904208799 1.95683754505103 0.730946043963955 1.47775200340178 3.05499481290518 3.82781429010621 3.2415219626653 3.24490567817148 5.29403902538758 4.44737828657502 3.21907647913577 4.33230202953349 4.08557609240017 1.31937009111994 1.64400975070567 -0.744724032379902 1
0.0241886479910512 0.346083489865367 -0.411269131911835 -0.58846041309898 0.768127528360915 -0.86789491686681 3.66951538123445 2.42656218465088 4.0100405978634 4.95219112963407 5.85718721113355 5.67265859811156 3.54608296304255 3.86166998071826 4.121289657516 1.69284969722215 0.606842711484697 1.78165801625793 0.223410549418509 0.201991235917637 -0.713529709900439 1
-0.504451524580869 -0.897186541993694 0.382348337976121 0.751301281506808 0.387953658262852 -1.44628830615347 2.29521063346661 1.78093566394094 1.54185694870355 1.81231351750374 2.96856346622659 4.52499620570261 1.88948023893041 4.247582875882 4.946722329483 1.8737718137799 0.993991001529243 1.80707851817627 -0.561169639748154 0.231465543839135 -0.682039417330581 1
-1.58139680993034 0.00626521125563042 0.222514088542642 0.453514341017587 0.609133031558329 0.754456798351162 -1.28668958279874 -0.13635612713704 -0.532592174479335 2.5137708367459 4.06147254021742 3.10589218136033 3.65427013469996 5.89838306414783 5.59639713315805 4.41275676475918 4.50276909780957 0.857626659321934 0.314366290501169 -0.470507122490103 -0.227035517455066 1
0.030066421255418 0.59667050907573 -0.673754508319701 0.119178234168883 0.590518608276321 -1.97865418759805 -1.17695512326337 1.07450081898743 1.54500394132553 1.47101632875536 2.6840551159805 5.67996786866149 6.25886422174248 4.7777763879598 5.6353397098281 2.61983599973452 4.06974474939952 2.77611663564637 0.553758531869126 1.64731726247099 0.446630519523161 1
1.08261095547612 -0.30912856629771 1.32472548898327 2.30584520802921 2.03971376994753 4.9456485686381 4.11276278109904 2.72849750839988 3.23675622209404 4.23717048851968 3.94595282223846 2.04459083111057 0.852989008315144 1.94147255815932 0.586585346049232 -0.461079707154883 -0.496273411043631 -0.310594391909971 -0.258866540136848 0.472044751974833 -0.187799832359881 2
-0.649043017379116 -0.459120892943841 -0.767916438222332 0.922495744418793 -1.94395921590421 2.49031282036542 3.08834293567287 3.7016015669211 2.07068051720124 4.0328268560885 5.61486666342549 6.17300541020037 4.42589906015463 2.57780132374929 2.96827274078311 0.829301758449739 -0.470972937630698 0.204788314465132 -0.816228917834062 -0.0503984109636203 0.781433774097239 1
0.292470078406726 1.72637168351841 0.339509365938887 1.79064318051307 0.783803310887 2.5763706459854 4.73479952472161 2.35969980103356 3.14159582292536 5.55323462509704 3.15253360024426 5.23053173023468 2.35988910742925 2.00728757317819 -0.043738021977028 0.202221853073518 -0.609905289258947 -0.796769183486805 0.297739278134155 0.443249917220359 1.17892112018048 2
0.898702724402737 1.04324617695035 0.95905119808221 0.873563901793506 0.812077556671369 2.16822167262843 2.02856173048843 2.52686956084416 2.16999194217412 4.95520531972018 5.68487791819097 6.29353706599532 3.67619655544017 3.07754095595166 1.60540304736935 0.764939115484416 0.690387050620598 0.84529882299304 0.956093866060524 0.488325398355415 -1.15352708397439 1
-0.518742356791874 -1.65904097034683 -0.529031361979442 -2.61104346110731 -0.207703687008036 -0.0141682224200259 2.07744001320922 1.88880258893699 4.21080374338762 4.31116211040535 5.60859105601201 6.83810015924128 4.50619485420095 2.86378525625683 2.53429851310253 0.399368276914586 1.1790613166456 -0.898772081524633 -1.07926682102633 -0.487072789750537 -0.0152793354467711 1
0.554438552345125 1.22905624117273 0.577309938939806 1.51797856212595 4.67115117974815 4.85278321428806 5.09828847242702 4.70499792941322 4.50361992173211 3.6300281961908 2.22008535851033 2.09541388978819 -0.297908404869621 -1.85521050714394 0.203708033592201 0.23560781931999 2.26042217472389 0.442362472214173 0.040235582702961 -0.584137481544261 -0.378128904131334 2
-0.0879736711840128 -1.41916292618524 0.771745490447405 0.937235318604616 0.841493178155365 0.655695403026463 0.450806063551859 0.944542425686788 3.64088934152636 4.3751866759893 2.82453620624475 4.03186302666896 4.67279833559022 3.72962301047739 4.70487935721552 2.94927563174018 0.994676422284367 0.768559992231554 2.6042478689088 -1.33993532912315 -0.652065849062394 1
-0.270079610999902 0.0704209721478317 -1.22567106691397 0.408539629742539 -0.0598778067009555 2.86149352865501 0.543431421671209 0.79046614020765 3.15598191399102 0.796083302725436 2.45497847184572 4.38754989157716 3.04646414394192 4.1214285099465 4.1239757979116 4.17593304175775 3.8560374379634 2.1207436372414 1.72957401751752 -0.477613293475708 -0.217130537941165 1
1.61978987753494 0.0566982219802716 2.04667724022033 0.182912672642759 0.0115311532497584 0.142517353656877 -0.993162228684805 0.833768299801057 0.616189313777393 1.73091138774396 3.64335102017364 3.71872816543256 4.27469807375693 5.57848067820481 5.75477222363384 5.33344686499936 3.99644610326073 1.34239170093598 1.1916950640659 -0.119114813327386 1.06921526852676 1
-0.0540229240816071 0.339147669711979 2.24169603168629 0.0746769825844943 -0.440434705439751 0.817569421572488 1.88577445454016 4.11188373852495 3.01558759834783 4.22580551569797 6.23629676356736 5.42013573106264 4.05463149269573 2.53767976203633 4.21741408625929 2.06972078117665 -0.332886377356052 -0.732041349558065 1.80895678125719 0.902981342007163 -1.28959797750832 2
0.330141609857869 0.0547603393356777 -0.273422420869031 2.52846489623315 2.64901612433898 3.35860040944421 6.39538522604492 3.96998283885035 3.78675764242988 3.64638362180095 3.8839706260199 3.14191464434889 0.46220893932212 -1.3347399500239 -0.470776376503401 0.162155439287404 0.324992574993461 0.429472217120733 -0.242495812723003 0.0819303589736088 -1.76493908969816 2
0.955324614657399 0.119588291490956 0.102042485094495 1.272654447469 0.91234717100544 -0.837428486438798 2.70971814258017 0.418260604979329 1.40634211238994 3.02107116953744 6.77210991917834 3.91964066049527 2.96009665988253 3.60691131274742 2.98849576108221 2.97219907566652 0.992598608787543 0.674565814785152 -0.827644861535302 1.12918667568986 1.42057728060163 1
1.14395987779244 -0.492706351283514 -1.09789881208153 -0.112310362118706 1.21037121771677 1.16009949289339 3.32417086853018 3.70699976119262 6.15727050543278 5.04247180086201 4.22039843850993 4.9111726875066 3.26648597049754 0.559852438291484 1.84948541023848 -0.820941000022189 1.21315153594942 0.546695457577053 -0.961870575465563 -0.608823188227127 0.85719463028574 2
0.100522398375063 -0.0681115738665369 -0.377009088203781 0.290405996978282 -0.603519713682531 0.330707956283511 -0.672607003755002 0.182967098711307 0.678219111265619 2.25816303292216 1.38320720128729 2.8360127761306 3.57771254230728 4.75644666099396 3.38987333628654 2.47089660961578 1.25239438550517 1.46000561223808 0.505602384134207 -0.988631752321765 -0.819986876900843 1
1.16457524565738 -0.458442351025819 1.0303570228598 0.725860476428849 2.81360163688206 4.48014812722506 3.21653361380373 5.74440551387209 4.0854936287213 4.20230941778866 2.19769928447347 3.1032383405702 0.989981458021786 1.40503276301337 0.102287182326133 0.69109566731791 0.840155824165012 0.8162419564555 -0.387377386853996 0.950076005027458 0.436486603003516 2
-2.3445134046903 0.435370544334811 -0.459471312968553 1.20412216354049 0.571557780803987 1.41415167616973 3.48805930879248 1.10054937760415 1.7608189903146 3.52739106448218 3.26287027628663 2.31664549339034 1.98005798380952 2.53877256676468 1.9343016670656 0.602231899070914 -1.3149626812135 1.43001150018129 -0.421934159809897 1.11745082063922 -1.41367792742872 2
-0.471683425529536 -0.701743487103139 -2.75704972232067 0.63930734251053 -0.611435814505261 0.792477836066091 2.51527718601671 1.70468554848466 4.32093835843921 6.50934165463874 7.36376868522937 6.11325765395905 4.7524138193351 1.72891032561594 2.88242335293517 0.952164539551845 2.02237326641444 3.7980254466987 1.25556505047524 0.37096230794775 0.132516115825407 1
-2.31603615150256 -0.648768350598479 -0.746699804956649 1.68535662126586 -2.00741501721717 0.651663887851313 0.12710425016503 2.5026504333198 1.21376503526569 1.328611880526 5.15798231275883 4.00670533201045 4.84569982507275 4.62522609380064 5.58885448596537 4.63089877510158 2.80209194078659 3.04030930567455 1.0348574041046 0.838724706750822 0.330468397625201 1
0.562471756969533 -0.644007859466443 0.210781418005385 -0.139826104242308 0.768002127529136 1.01830856192398 1.838802326502 3.05453056679482 1.20073613780749 2.77786287929462 2.92535916141315 3.28693244668724 4.60141060558323 3.92802705641107 2.86423313179354 1.49180256955262 1.60424649897805 1.76072882262665 0.818007480936448 -0.2170312244391 -0.524979973175111 1
-0.226053986228165 0.781957323871359 1.37449757812388 0.767670042329854 0.332749745923025 3.95651990389332 3.35139777687483 2.26830077087343 4.09157145092623 5.35070187078346 5.6525272374219 4.13709668834536 3.97069334648077 1.99311871820593 0.0509807837774559 1.01071905568399 -0.282224274118901 1.08755463328941 0.334301891662195 -1.07753470320234 -0.0584789571619148 2
-1.58710298765404 -0.20533698727053 0.0291874325756546 0.84630489128897 0.958075773112283 2.70965102745966 3.90049111878243 4.11117257007781 3.29990774454571 5.17629086565621 5.89245878515063 5.07547568833907 3.83979486938455 5.37796509957502 2.40524128771445 1.06211824548023 -0.678888819921905 -1.29880378780149 0.0306572916874507 -0.179508295409 0.533353167503518 1
0.547524201868316 0.246778277887477 0.715561920408236 -0.600188162036412 2.0350670672873 0.792918881911432 0.705572090894516 2.5041854587342 2.78007794613461 5.26386111584265 6.66542964612216 5.3379612582217 3.51930452951045 1.87734691080505 0.522976599972486 2.12214644503796 0.580194679530021 0.0827870667074168 1.30148267349866 0.937920519586168 -0.0943183702439794 2
1.89122701735548 1.37712029363223 -0.180747902871243 1.42275070818221 -0.921630080943384 2.5491075394993 4.95891103640428 4.68110324985127 5.88085993732897 4.35928750330611 3.28000004681258 3.61816449450464 1.97123272115013 2.37118897678966 3.68133152999721 0.887360817512684 -1.06993557582488 0.961551712502713 -0.498040468926436 -0.0909248211121724 -2.23001519349282 2
-0.112558911044787 -0.103619268541766 0.344021087496185 -1.24523988798299 1.22789365442077 0.285743702552034 2.02859002346153 2.44436842651475 3.9385620620638 4.03358130732463 4.0806227967045 2.8034098070055 3.42112821111959 2.77764800538614 5.00728548006477 2.89888061908406 1.87629899832619 1.2307991349353 1.44705668640813 0.184073091504101 0.200430401886615 1
1.91305942169705 0.543825968956194 -1.96290871320897 1.42881078576221 -1.10159336434584 -0.607583881893357 1.31721748470182 2.998337086151 4.1787795913629 3.23398280389618 3.70480965430514 4.73275183926062 4.15538968939299 2.46269655643715 4.92767717474354 2.10542855645945 2.18907004130883 0.333886154864679 2.39388469107288 -0.833971239229742 -0.235725057654361 1
-0.00523405793193957 -0.534963586582989 0.756125511499489 0.704898068994133 -0.879730281412976 0.22131131792688 -0.0692821748682779 1.74441409250623 1.89475488704175 3.60565952661929 4.19268885101452 2.81628928553727 5.56052475800057 4.32202277163077 5.43096611070402 2.86834848834416 1.90716013121037 3.52797556985926 3.40159702100412 0.512151961459648 0.483206962399997 1
-0.152260048921635 -1.13804602678007 0.0144186579430547 -1.72513390940011 -0.636700257754092 1.77954979696238 1.17790990463572 1.08988240493973 1.28635963334705 2.66105055804249 2.048089087384 2.03775874967581 4.73156800982636 5.01368283414534 5.60848083605092 2.2173136605809 3.20632833286447 0.994688997760909 1.46359561309951 -0.2872012705999 2.40337352588139 1
-0.509631657179118 -1.76800377087565 0.945713804060792 0.919284781932996 -2.1059314308429 2.68834949958607 2.94520713075146 3.3298524304157 4.54294701031107 4.54691361162618 5.18462423465706 5.1199867317655 4.9367536050738 2.27369663334505 2.7597069117792 1.54906429324843 -0.994652104831613 1.61733574779758 0.458648290303779 1.23308399997008 -0.646633206087049 1
-1.28583853233299 -1.17020226435962 -2.73975424338714 -0.561324761899199 0.986793426319455 1.48748326321597 2.49619945928668 0.650043109841172 1.31571901218832 4.45048696184735 3.98025594000382 4.59066536982226 4.84624404109727 2.76495036306892 3.8213546236355 2.05975934767846 1.44296488519351 0.924768254937469 1.36096868977942 -0.0742861941835801 0.462701832440592 1
0.307314215255018 -0.412023007984583 1.9531561302929 1.94368979348981 2.31080041580691 3.93656565932686 6.30809349294408 5.61645787458623 4.36100465118318 2.32406886808669 3.0156297581927 1.64033988287946 2.37469803676259 -0.269028022975124 -0.19354477040296 -0.371720691164783 1.51904565227881 -0.0657586578276799 -1.08089664752216 -1.54743012422336 0.908861744336436 2
-0.046318533277383 1.62729133795333 -0.218379262260984 -1.27214216661165 1.56520486289813 0.697673533488133 0.347010897418602 3.88101907821305 2.8241336660386 2.36579458063904 6.21090413987122 4.61868478267942 2.96254737454232 2.6056986663446 3.12215957107656 1.34521436554455 -0.43796965482945 -0.0617282373729053 0.257752650400762 1.68865636889667 0.360810084238827 1
2.25184180012688 -0.936831560644786 -0.43872511963076 1.21214216660515 1.05121115894346 1.42698713513453 3.43923150892825 4.05027127151019 3.85615815296374 5.04016188255021 4.59847070841086 5.08110531864034 1.26808800335958 1.5107807090074 0.143542773007342 0.202939973475129 -1.60993793483563 -1.28691073733087 0.423690276778957 0.27500362972267 -0.0715283209070729 2
-0.608033728609708 0.997509917441285 -0.656468896184539 -1.63852313801426 0.111028706146697 -0.602076645643224 1.47756162683834 2.92123691639405 4.42572774158937 4.58139373259227 5.96417308242298 4.39013911938082 3.94418288685756 2.81073973015906 1.65137030339668 0.476365370256752 0.180865989519749 1.10897230419022 -1.19948521621494 0.300377660237267 -0.227284769750999 1
0.232631769508576 -0.88478911517512 2.45206344477497 0.455175607836962 -0.939003904707139 1.67993685645605 1.59125145578032 2.78536345897846 1.946788442712 5.07092043120241 3.92836721925502 4.71122745297153 2.28731005907672 4.45409238413832 1.64488999236205 2.84882900354702 -0.933976384257995 0.180246213946244 0.660207501636315 0.0336783839930079 -1.7526339221215 1
-0.839125067505345 -0.410199512833357 -0.979696368377701 0.859173322310438 -0.423558467232642 -0.0419504408191468 1.55188329492637 1.03455520984971 1.23733109935842 2.98713818228219 3.19216644541479 4.6962576326968 2.68562304361699 4.15455032678156 6.97418150646232 4.67955599210129 2.49879646708309 3.1260586230811 0.773251426917891 1.6331493658193 0.0586024853091419 1
0.132291088244156 0.795312370942227 3.11341646971538 1.86525710787192 4.19249149883219 4.9739279337513 3.50633531242341 4.96225611461354 5.02029195825466 4.16214443906415 4.69403983268926 3.02077921446586 4.70029136185051 1.10303763370271 -0.364477979661936 -0.405568135335642 0.173484296127729 -0.489337634123063 -0.769691664810856 0.202334387341617 -0.499911446194106 2
-0.275524746705939 -0.107664645011974 0.0428007856991135 3.03092495606915 1.38919179411975 2.06913392897535 3.44851325700261 2.30938542552056 3.84620003438635 5.30798497372972 4.99486919464616 4.18237107768713 3.09511417347711 3.03248900665716 1.28527972837676 1.06722977190511 -1.0706374396176 0.536102795718131 1.99657193606851 1.20997754315348 0.662166352791627 2
-0.678758641268032 0.826847530284988 -0.829726095585463 -0.859463174736328 -0.0944701730887152 0.293310562956141 -1.59359369412243 -0.160709478944219 0.947419918243242 -0.44621583721137 1.52410290862247 1.62066693173665 4.73220101024987 4.40285884997406 5.20704898727404 3.68579466029206 3.01358288431274 2.75075050220542 1.92578538372755 1.63693085085809 0.281817084353842 1
0.500835931775825 -0.292686902302723 -1.247231318762 1.53911616866609 -1.11659543381566 1.27058765751284 0.47291791079695 1.06372631502003 2.13779842959619 1.49675746048314 1.79529159308307 3.79259473686789 4.75933604745903 3.16165844555878 4.34329668396395 2.23864066712577 1.63649202192602 1.48057937086229 1.55349542877609 1.04274926015613 0.179612360104138 1
-2.65174124837268 -1.05794334603496 2.49458843529132 1.48067995359207 2.81543183160077 4.59126948641053 4.99945771636302 4.80412082553501 4.86049778306899 5.37829282785893 4.7809824939881 0.87581700630107 -0.255666198710812 1.83334940063875 -0.727369962810245 -1.300490189431 -0.370051597234955 -0.000373489958165731 0.36604549374752 -0.982002913493778 1.0869180896499 2
-0.580582172084415 0.937811135232089 0.736526771427079 -1.52111236116286 -0.88798436161748 1.47708577664056 1.04010499614846 -0.703181173785946 0.18015703129597 0.829405983877602 3.42882051920667 2.35462611888917 4.39925029978483 3.72200750299306 7.08647016134983 5.717152561545 2.15299072697545 2.67350823684605 2.65510937968003 1.03948122143574 -1.10345997545571 1
1.45418687087119 0.144470839890663 1.93093994670545 4.16116580905825 2.62221273152478 6.27810135923216 6.15398201602193 5.13531945951868 3.9811633685316 1.14150988897816 1.59462356403134 0.726828665860701 1.22677460072341 0.487738502150952 0.382472298005631 -0.475586513136448 0.0434175847865763 0.373406387163322 -1.24463436248772 2.36227184894134 0.958266023553243 2
0.838129379964693 -1.11524143570017 0.283120796739 1.03370332012997 -0.219911556074559 0.443226623837815 -0.363516788695212 0.8172296057338 3.17878504640993 2.56357317321881 2.88971121594911 2.43733784444536 3.86687281275571 3.92011883428476 6.31301980351094 4.28101391853172 2.51689609655808 1.31360412640468 1.431808645984 2.59514430922031 0.272464827740411 1
0.982505442732795 0.898071252276585 0.841530613311826 0.329600263644452 2.2212864028851 2.26350802874191 3.15472356294381 3.68912969000078 3.00446037745343 6.08953361581962 4.3118092949969 4.6640297307852 3.63291539187056 0.769875029476911 2.88979310764354 -0.525277654204083 0.994831062739734 -0.858319162794824 1.72544815906973 -0.428628867411947 -0.569263681523921 2
0.315764024018431 -1.91855819930986 0.155053234874317 0.0855970933090572 -1.33545314019712 0.542994893470335 0.00819405218244107 -0.178419760266013 2.47091813148706 3.61819167558637 1.85437125504369 4.21471181936891 3.43490901687898 5.54931029836565 4.59086037194189 3.55117973082256 2.84547374927976 2.25521256314708 1.27064404902815 1.10120532624885 2.37635323801857 1
-1.50706262771632 0.253816791504093 0.953826636303852 1.11850749108373 -0.800879475406146 0.307277250927876 1.83803980124513 3.49063665766601 3.76788636514904 6.33795473908735 5.878932379595 4.37179610024736 5.52908903214401 4.04604992335471 0.896686714464242 2.62995589992544 -1.43728807638622 0.513697772900293 0.625644071749082 -1.49831503209108 -0.352360335926796 1
1.59722809034381 -0.00851344803801686 0.25500374557096 0.560136773572271 0.110056218193675 -0.597731066099464 3.52089502557939 2.23688209554122 2.38680983407359 3.07552509316007 3.1172611815099 4.82798988720271 3.50409528872212 2.65584105389579 3.42926345664223 0.79694296299885 1.22997521901936 0.132457605598951 1.12134837746273 0.417735068982442 -0.990002024055046 1
-0.781352284302082 0.569631366692422 1.58397010470279 -1.16417322231664 0.254120602375613 -1.75097906055271 2.01249460603249 2.4015740733338 4.09428329990502 3.36865065916402 6.3945229328007 4.43592158506619 4.18946497858254 3.65962803112525 3.58770520386788 0.925141597457054 0.400827666998935 1.83161396282579 1.05430849175889 1.93575936697328 1.02857741977664 1
1.10246464075191 1.5029616611284 1.39275862816597 0.30968619619025 1.22876218801499 0.825432722612518 0.726212600730054 1.17882387564533 3.11017775229578 2.90131300021139 5.41195562688637 3.97882658803462 2.8111362657104 3.07342866208901 2.71784924430086 3.43411915719551 1.85692191959626 1.4594801923675 0.233109083239467 1.19420852098611 0.247314200092995 1
0.528745019445293 0.129085401165474 -1.81225823172892 -0.178493814873705 0.583404005956116 0.108142159233165 0.576237988970224 -0.583506210612853 0.0663707304482826 0.362476696733406 2.96862358930749 1.02006847839822 4.63740221137734 5.44257123590728 5.70713279818882 4.32492424315975 4.77539190902754 3.01096188534474 1.69301356919508 2.17338881124431 -1.25654959701401 1
0.789394403514854 -0.624363809815567 -0.0626813948673556 -0.424067146438297 -0.279848206284758 1.85472886474918 2.59493573424354 1.53098108444237 2.45960470108883 5.03664709413024 5.52521183243619 4.49001068934167 4.24830303194738 3.51011049979164 1.43076003271971 0.632193238882453 -1.26792012422636 0.660399953293569 -0.891066069094454 -0.143393303266337 -2.06069967636416 2
0.457099505856081 2.15370721597723 0.549856056710878 1.57615726400038 1.4466653579162 0.154131243725001 1.52519264721435 2.15007230406402 3.88149175882063 4.21062223589699 3.78842448109282 3.3450220629897 4.1922571010393 3.94821912434883 4.90124921583418 3.7524367195403 1.18877659383156 3.18999109949307 0.390871340650948 2.27848862960032 -0.250282550072565 1
0.538833115658123 -0.30324613826175 0.482736237517578 -0.701403737381295 0.443394035428034 2.93890079559958 1.2566118304112 1.79356019329413 2.11819149247227 3.41154934317973 4.03271633968184 4.52186212356318 5.02682614081388 4.07452126339627 2.99797549001308 3.9656610981878 -0.398347583158477 1.61271756436017 1.82653085366638 -0.207795457560795 0.532371581911119 1
0.0146431224111012 0.807579776908013 0.760848728950074 0.242876389372811 0.577946885715448 -0.125377192232597 2.02047213349279 0.114507598748909 -0.520206471108433 0.382110923124842 2.32687762737783 2.57728606620728 3.01652216899564 4.59243954458316 5.78587111542185 2.6306390389636 4.71377021986911 3.19349762016987 2.27925044442292 -0.876187557406911 1.02151517433801 1
-1.22681509076766 0.454902098272933 -1.20533341962352 1.05115476204457 -0.249326705165156 1.81036421583458 1.91721279887264 0.692489250147374 3.66023336836043 4.47165589464743 4.87676499868779 4.14024104596656 3.03712676283419 5.20630209093123 3.51970007425487 1.85512246268777 2.17049230524793 0.483876733501204 0.258822475597588 -1.85689533672231 0.445346604905361 1
0.0361528681302234 2.008791966798 1.46820929323351 2.11741822641931 1.11158646056192 4.03125959741034 4.86319332166393 4.70595183452862 2.5770006811337 4.09216132018746 3.5785597964537 1.85617717137017 0.852802785012873 2.11144498089113 1.64568783346698 1.1235289629253 0.0217775991973722 -0.069032487781598 -1.03555776546535 0.849965278023129 0.974957791930811 2
-0.42139311357139 -0.20899117251275 -1.53914522359563 1.97321531497352 -0.0725396460455105 0.937933724977551 0.801097191755445 0.949146691693894 2.68536425073187 4.83400643660811 5.44638600282974 2.37546995550264 3.80548760635346 2.99965509694153 3.54530391294748 1.1301012855205 0.433202637234689 0.429535747939465 1.6283054298352 -1.48355349550422 0.414656571312991 1
-0.899364408462905 -1.23140277909061 0.635370723493615 0.445136747894539 1.36490124503674 0.60619203748603 1.61071946401564 2.04609593393086 4.35844232937402 2.57694618719319 6.23925751896891 3.67818942231373 5.91601258971996 4.75495413653471 2.28506433337397 2.52466520322223 -1.13606107698031 0.215709341569785 0.378386014835255 2.06205542906577 0.49819120483023 1
0.417441317486562 -0.360603577153347 0.702951774755151 -0.488480168490534 -0.457531019844233 0.339058972575115 0.236236937349831 -0.384185820986099 2.85385400112174 3.23526273310593 5.92749209373218 4.55631069981933 4.70176921537689 3.89781564460054 4.63323395639545 1.83985790954592 2.3410616023819 1.97380188263426 1.00288388112339 -0.199749502757399 -0.318164392516627 1
0.15344473686401 -0.547213299484056 -1.90588286461734 0.102511535835645 0.0652002193600942 -1.16623190023977 -0.366875089748649 -1.05150835705954 1.21316665699544 1.11700279082365 3.22672041379015 2.91280984086837 4.97054943871616 4.84759538424771 5.70483699807964 4.56031422477836 4.46315109101769 2.57548319333656 3.20881195586969 -0.449740316094999 -1.129873789076 1
1.46328304519325 0.327996007514467 0.938921449556239 0.669129245609249 0.783980335923698 1.38822141246913 -0.69510968496734 1.55106412110722 3.23411843611607 4.58529732934295 4.27461919853794 4.87931535283847 3.87160352024132 2.45538968446049 3.04464808441334 0.730808328947079 1.60490484947131 -0.175562386130943 0.300182609571864 0.616530564504413 0.938742030264154 1
-1.12150249732554 -0.933299832093657 -0.224492105495794 -2.19050880817062 -1.5877080731648 0.539953245440371 1.45541763662679 0.584790314885598 -0.345680230020948 2.77447908456849 2.81363579933442 0.668710773713701 2.60529487425184 5.38545242620725 4.8352549510488 4.70631389976298 2.99436961452883 2.6296406156123 2.76033773013786 0.423176580950283 0.73370215326278 1
-0.517788083055024 1.05845229823132 0.0814661714743333 1.0373603689464 0.141201580486393 1.46652403526781 2.96338196153989 3.98087914580591 3.88813813719323 4.75676856276148 4.45029210749888 3.62739280960739 3.19798752125434 1.76858772027489 2.00036474994636 2.70934394817454 -0.763522359047601 -1.44791533514772 -1.84663710690478 -0.403729719275186 0.635259875829598 2
-0.0749470883385233 -1.16388240018636 0.445787444805667 0.0415257085159857 -0.927519802622359 0.228627627011929 1.43684667727075 2.18345564592557 0.819671694776297 3.32413191645362 2.97746596759847 3.60186354782578 3.79438803472994 1.69658615320311 2.84629978371298 4.54988307243722 2.23435647351257 1.00775718756285 1.91425499630892 0.0528631508967708 -0.594953621934489 1
-0.284705868110477 1.44963736425491 1.56513013425123 0.0513685364867313 0.0804689461039362 2.08189561521365 3.63944707828587 2.87792743876424 3.63358706815104 4.95289646093843 6.07628049963768 5.69023638547732 4.96548992605376 4.64356525585541 2.31639004212718 0.727836997198149 1.19028400550559 1.39246567092693 0.0130978032005791 0.780146316221643 -0.393275704153496 1
-2.14763900113752 0.140067288930464 -0.437694966373986 0.34623628474444 -1.23444910020502 1.01792515774867 2.65064794126459 -0.484755468630712 2.01816433614716 1.3389136302652 2.86271785167176 3.61556417205022 1.93472809238742 5.28169287298118 5.43219788069175 4.99495265932536 4.25051255993265 2.79167664549574 1.65027660966685 -0.57692805822717 1.67565039426067 1
-0.283837160611358 -0.373650328177582 0.146381481824469 0.00302934280112633 -0.439069294322646 0.993839611682683 1.89824514892715 2.00069975086164 4.95915867199234 4.53057451768608 4.7496016436843 6.74881913662565 1.84250559410484 2.8030679740223 4.15544788155131 0.982160112110824 0.88397199677351 1.002258734643 0.156013142290707 1.78932596914073 -0.184885553648002 1
-0.604068922847656 -0.0250944932655905 -2.3421123864415 -0.411212736897843 1.08432849074413 0.567850330491637 1.89867608583791 2.09218622761552 2.60513833372713 4.53106818063643 4.53204187578183 4.20374742468577 3.00811530335783 3.6276066448539 3.65120621824739 2.72839604183661 -0.276395989103828 1.07736533111609 1.19480687095105 -0.276150940874595 0.627086451793137 1
0.557511595592472 -0.0343732572490637 -0.278382367507851 0.118208538052268 -0.64080090691301 -1.92586937123127 0.0220850937225685 -0.115479317186392 1.60164411304781 0.806978844321238 2.42081765423364 2.72858000889054 2.88202615606189 3.60198471694178 3.83392981136551 3.60529541487469 4.52134197740678 4.47390421708239 1.3129496797342 1.11166717655978 -1.78473318011011 1
0.658034848342406 0.189407933651602 -0.273038812927533 1.02869460957658 0.970188435478257 1.36058949934404 1.52696387321341 2.2588319576248 3.46308376170053 5.92378311789111 7.55695943301269 5.21269055880418 4.6850712919562 2.35249732339669 2.63759897649332 -0.60240750294023 0.691272621242877 0.36447635496682 -0.158440456378708 -0.354794711020348 -0.0322787888689585 2
0.113962919971386 -0.620761034511813 -0.377770760958718 0.957543411914869 0.68979094457615 -1.16345897778468 1.34294896047995 0.154553636409019 -0.519435253055105 -0.179121038731086 3.23815529937895 3.41399870638475 4.66242118662815 2.69972684705257 3.34869299420583 3.56852274673639 2.86740022939409 2.44389305743716 1.43669822822379 1.35172451422081 -1.52550440079898 1
1.58515916403119 0.200945267574023 1.32836671199718 0.798846270365293 -1.67105946529188 0.336542178548007 -0.0154654616436788 -0.612274877471658 -0.00834603905023926 1.40704643430425 0.8086469877998 3.23154310155563 3.43133847510007 4.90002364414497 6.9526500332059 5.07148737231662 3.08145991639088 1.47581366990996 1.93385487434053 0.389915103264696 -0.0285689457266452 1
0.115553440443324 0.338254576150387 1.86475615518943 1.37035256247115 3.03668800421754 4.87733914712874 4.36719046528476 5.37962934490245 3.84021216316232 6.0681249638247 4.48607946809419 4.54081164924726 1.22885458136052 1.85018998217503 0.37995705266665 -0.936627792882636 -1.71827188864524 -1.00225011572381 0.139773182084734 0.0709066368165012 -0.199917992679428 2
-1.25399903928352 0.774865295184781 1.09011917217815 1.95866571240789 1.72069182174445 4.58485696718008 5.16528993124875 5.35048725617514 5.19334482597057 4.0258524678325 0.989818489210774 0.591124518073058 0.889808325850608 2.33087725983211 -0.110419762557366 1.82062805425284 -0.0533594167322972 0.188652411736274 1.77088628042287 2.08202107273046 -1.73682408879627 2
0.74186477930074 -0.577929195287818 -1.22622690024267 1.24507337169485 -0.0316885733109696 1.40703153475005 -0.348636484270804 0.876907310718914 0.0163204690323191 2.98379466254766 4.52817866218733 3.19015815877079 3.96465060148794 4.08075751129449 3.22280403116745 4.10421595835848 4.22792480793394 3.16113556834504 3.69881034620912 0.335317277399965 2.00042021028923 1
-1.91889413176211 1.27604018113941 -1.00419938078795 0.995194741714424 1.07871864175008 2.82225451682175 2.16739206411095 2.81913897069554 3.57671385096732 3.91753219341326 3.80075589370663 2.7602289378852 4.53227554878373 2.88119045605201 1.65515812140138 0.84279125758766 1.40437355070227 0.468144896600473 0.855733103912723 0.188623371370799 1.11461939098499 2
-0.809936389920794 1.33675821086468 -1.18246892838659 1.27917971095465 -1.00503886550696 -1.93111226286217 1.56060402466754 2.31454135301618 1.4206160979117 1.65803903502413 4.47665953835889 6.47635780100782 2.97455444901971 4.10829652278233 5.0861177168506 3.65341534505536 2.6810702052948 0.553323182662067 2.51899797811954 0.421754995566129 -0.963636828560392 1
-0.744677228785278 -0.297493038723178 -0.636852570999077 -0.417817444648522 -1.90024896266164 0.0254459202733133 2.61292071538056 3.37862642408542 4.66027015354506 4.19589181060456 5.63197197391791 4.19572940303633 3.91036816782301 5.00523921263768 0.147794310664169 1.10300557557509 0.215679969692286 -0.354959082842451 -0.32274163437068 -0.918440111015975 -1.22040713572372 2
1.60675956606494 -0.00930865354546284 -0.221715619810572 2.324421914708 -0.0568382527900158 2.47239547566209 3.05138168581078 2.18563878478628 4.09979462674429 4.29874535725651 4.41746571949522 3.10113029611111 2.64388224709028 1.59362749788514 2.1767731887076 0.663701380495197 0.173038200664969 0.129829747523177 0.752009990606302 1.49389199594562 0.101281762514233 2
0.726091096698492 -0.235111269295322 0.023030844172181 0.328826012534645 0.568870067235779 1.9800712762638 1.59505613355725 2.52577994578929 2.43175824943345 5.20076375119112 6.80156983727828 3.73998801809571 3.57128207428391 2.82391557802175 2.3533808309149 0.818424503958821 1.10488004265206 0.107003795282211 2.18573947266325 0.128234195143143 -1.9933643078614 2
-1.27383492504346 0.36213421434807 -0.186872813411391 0.646823979757626 1.74307019345331 1.59805244771505 3.06370453442549 3.87049034175312 3.89192730618432 3.85039973340165 4.16188823495302 2.88706009648778 1.50540057289287 2.04463860141206 0.609762353206233 0.500048243449394 -1.00691086515951 1.94598348666199 0.287136987463407 -0.635078255774671 -1.01653759061757 2
0.487121233826478 0.863560142059162 0.568328796397638 0.691468738088758 0.923175800824792 1.39211501870804 4.66630889304162 4.68832231644205 3.71278255920245 5.44020344671234 6.89876337264817 5.0442639789178 4.25058340307173 1.63807643110374 0.240895126947249 2.03775830107899 1.23631924513615 1.692485274097 0.773332945008829 0.123497379077009 -0.617795737319422 2
0.171745482456009 2.34596566433491 -0.560965120450964 -0.68122210851133 -0.0850590489583202 0.620738610312659 -0.443560591833966 3.53889879706349 1.54126302044542 6.25046017946238 5.43938395999566 4.67255486697753 3.59559123424313 4.00274749607561 2.57046002744627 2.85635416176304 2.13728251292255 2.83003193735765 -0.504943716551768 1.08480437766705 -1.8854145667786 1
-0.944793914899987 -0.4292862163144 1.53014951283257 1.07616237737739 0.886127553305627 3.87038608470235 3.07901374562216 3.90927709156221 1.19215076320986 4.0607498269544 4.04798154290305 2.71033899857073 0.478456290800534 0.80983285708952 0.158340095757053 -0.0914630090800012 -0.172943387963443 0.00390200210900993 1.37200110004338 0.748600219306265 -0.501370986159247 2
-1.28762030600621 -1.4150586470277 1.97331251802396 -1.53471862907187 1.17512770242015 1.50934102028618 2.41641423796502 2.90944808483031 2.79303705120823 3.17652586695404 6.30815717536092 5.16131615278362 5.34286273261763 3.10623211929924 2.66913020643447 2.25367918598795 -0.374972337078608 1.29237848353413 0.875796545259741 0.0890007099784053 -1.38002300946868 2
1.40776573875103 0.487034613519886 2.47140712786066 1.74378238816499 3.44694342089443 2.33956246019085 1.48563134246597 3.98579995011627 4.46962358399794 3.13870865665928 5.39500669759702 2.31053240548839 2.27479808537185 1.43140498681365 0.556135750291899 -0.349087756194629 -0.362724158095648 1.3463474543609 0.317532562719265 0.72649193158344 1.04776226096039 2
-0.408397642146012 0.422311063376873 0.726051809778536 -0.228702100857948 2.37079098049847 2.37379015133546 3.45899804216413 3.70950270562514 5.56335777940331 4.13135131665434 4.97597399214326 4.00152900097131 1.50740065924214 1.64071448036074 0.917031802398463 0.544925439131185 -1.50123695347916 1.79779384093607 -0.391096250191308 -0.472936805090924 0.122863661486436 2
2.06248097311935 1.82959331587048 1.20192782694269 3.22810799843603 3.73786538563863 6.08487121347755 7.54152737887116 4.04279347916303 3.15945111719782 4.05083223254363 2.36488066683543 1.08005213554797 0.574444812078237 0.622492370509911 0.34764056477146 0.725266969754282 0.527434864974974 -1.35888641035323 0.416528756942469 -1.91505863203017 -0.150607248204379 2
0.362666955663951 0.646326109611938 1.27518476341615 2.43121894318487 2.67586711786815 1.71076155850678 6.30450706321847 3.400263936126 5.08088459541691 5.67943852299015 2.93949754964729 0.385209482914168 2.13980796749119 -0.619515212007332 1.22705596066523 1.85817711236695 1.25170413109103 0.953672310669458 -1.59716589899253 0.0398785253043712 -0.652846117282654 2
1.4114046447039 0.103696546086221 0.490206668553714 0.0714626101121576 -0.262866837856314 -0.197483867818156 3.03381114314699 1.66031706650921 3.09814356747113 4.38865398999555 5.78766716253067 5.16180381510584 4.22730198233175 3.68487071166373 2.49746407887636 2.73142567683335 2.9785975308641 2.45496745996277 0.280157755535532 -0.329268901443301 1.46431487005301 1
1.36754431457543 1.20848487568464 0.0593934237561532 1.6349332608997 -0.0514686444263324 1.61943525988481 1.50001116261599 4.28943828906869 4.4467740564599 4.91576375928954 6.76293869243734 5.63538971951269 4.30234296575428 4.11631400098463 3.03502596146597 0.903376617192385 0.832789352465649 -0.217603510629205 0.0649747657824055 -0.470408294643306 -0.282432962710209 1
0.762541730885853 -0.752196518946083 1.83836310657496 1.40181262288016 0.0112282503851485 0.0999385648713554 1.54296450519576 2.92272964641087 4.07619157211648 4.11244298660073 3.7345272193601 2.82090040496669 3.33354121244315 3.50899173099265 4.97966318003691 0.173854208691458 2.11894362772844 0.818847745615089 -0.591281546403889 -0.725009096516277 -1.04044207289871 1
-1.47365577946832 -0.338406888044367 1.22567636723145 2.74666423356909 2.06208433025109 5.80936583091395 5.3472115264951 5.4574550594055 4.13221629184392 5.03599664381102 2.15423134404377 1.86608177167495 0.452799483680871 2.01925476304007 0.0792988175320922 0.905336994588339 -0.171084647027825 0.527540911567975 -0.949695198841122 -0.871868603355214 1.23627333305496 2
-0.148720478130092 0.30331715156734 0.947383808578128 3.96899572532361 1.34415709517721 4.48185983784563 4.08765720269192 3.38404373767977 1.99936564157329 2.8071481880233 3.54798530111541 3.47600000858594 2.50776150443945 0.840302722662546 0.885490566286839 -0.0348825285499509 -0.0540683683497902 0.293546103635967 0.463222677638565 -0.523680031146926 -0.0185207723443918 2
1.79706242855231 -0.150524099922617 1.08747877455014 2.79139919954802 0.680030808558589 5.11856477512769 6.61930595409842 4.81542560820521 4.78046966068079 1.90312464328822 2.30049407385931 -0.0364531041651375 0.317832844137921 0.90982869400431 1.11961653711935 -1.20043087735417 1.50517157529026 -0.0880478225820867 -1.7907849105618 1.17702575186632 1.00922733701147 2
0.104808717855571 1.20810292685489 2.62254978745573 1.38406369718496 4.18126653230359 4.55829584169208 4.89286043385044 4.63127920847555 3.8641456785532 2.18404207754971 4.67362144000129 1.79563435857027 3.01372124508483 0.519099089894447 0.311607809667472 0.423253933328624 1.22713757188919 0.603158894144126 -0.698706415496891 0.305876350769619 0.635242052344668 2
-0.802837973351476 -0.0417155381361015 -0.0770721276428594 0.6981130035907 1.11147762134372 0.894647019888008 1.97252344604374 2.97995687140566 2.59899265652782 5.85232982878008 5.10367108929932 5.13808975272745 3.58511543054197 3.95707374692875 1.45359515858507 0.077750530175032 1.47929760840955 -1.69193344385988 1.30984807008851 -2.69863058232106 0.108205969488484 2
0.230374964163675 -0.15810636070755 0.687904085252088 2.23386494153234 1.45624269738809 2.31270048115681 4.54080966765834 4.00880543133478 4.1208758243852 2.37520608971977 4.23240040094712 1.69335492747096 2.00462871906043 2.58283734768911 0.565451109699639 -0.813389160506853 1.20631205327699 1.0967148625672 0.740611718706521 1.48839134584373 0.982419786930455 2
0.697975193218088 1.62289757854462 -0.873012923256978 0.723745922788961 0.0151341756048936 0.915204764655354 3.97371170124953 2.68098980655289 2.51473961477085 2.49135054148202 3.87097731038187 1.7690095666094 4.32722474848582 5.09823791509667 3.81751211121288 2.12001019955399 3.04057246837571 3.31556923984148 0.88843402485323 2.05320433883305 -1.37562926408779 1
-1.29520173194588 -0.109940544035991 0.935893072400666 -0.914924574372468 -0.165454175250426 0.596586879455294 -0.726737797973905 1.15026670263883 -0.621438211365244 0.494776696820624 2.33765006641582 5.21180857577054 3.96590898970195 5.78704335380004 5.3892536518023 4.17193929091568 1.79949688820878 1.55419169380557 2.03646404678293 0.405779530558996 0.325782437653685 1
-1.05468021797766 2.22909939070697 0.337521749867623 2.28499851781519 1.5693647772528 3.80442449672909 5.73488619500378 4.28778776666809 3.46689816248362 4.58904417019055 2.30100804822862 2.11407747380358 1.45005231927858 1.65412735473614 -0.905060937282955 0.618588214803758 0.60989975618154 0.352295002187691 0.266157875310595 1.20194151875516 -0.958984428589044 2
-1.94160748967507 0.34007025530619 0.438242769665946 2.9347671907811 0.935530836944849 1.93697421122925 4.23336824538872 3.84255730034737 4.14175901146819 5.62755367117799 4.2372702287803 3.9724679008516 2.19633217653366 1.65810918819366 0.647714959613876 1.07280534364675 -1.82115152407692 -1.56943843748565 0.829387204156918 0.666832429187009 -1.11673812612573 2
-1.26956059300372 -0.329280941581153 0.312516273339671 -0.482917703042759 0.965815838602375 1.69311744310439 1.79421457406538 1.87024580989669 0.392660060976833 3.34091677709222 3.08515543223121 3.01455883641257 5.7538493541535 2.39479457627374 5.48711276331399 4.26815273598103 2.50533700280395 0.784020083571827 1.93432992112776 1.47313906229781 0.541584201510324 1
-0.291915762703194 1.02988813093981 0.250790417333032 0.610222274222577 -0.751395711615601 2.00144720234846 -0.117064443603152 2.56430634433154 2.357455980342 2.98976576141926 4.26280594695627 2.03302683853919 4.6005075038135 4.90658753388846 4.0018858730989 1.51596349351988 0.970987991302621 0.594963019623983 1.79281522982031 -1.02309721743678 0.389265038873402 1
0.88864143026394 -0.324217540478737 0.99138121237363 3.26669699570878 4.06996580855608 1.96022686526182 3.91528511616181 3.82785883073786 5.31340942893488 3.77179465992935 4.7583949228877 2.90552620076359 0.56775392033724 0.209116419318369 2.0100652706956 0.559244702581971 0.323853778514233 0.762355951718571 1.29581591229015 0.980977799635309 1.21588214311004 2
-0.566641466026189 1.12240759028834 -0.752864799540422 0.223458559918192 0.732855877322758 1.55732240999171 2.85757176820313 1.55058538535384 5.73069125533869 4.678172216694 4.26267836027704 5.06683593561613 4.52651775713926 2.12392120659488 1.87379542667985 0.737761188102642 0.552137107246651 0.683137728248131 -0.200534100845525 1.77304115187369 0.340673712184916 2
-0.0402069374365745 0.942210275286451 2.34943069528405 0.210056155999353 3.17379332705436 2.33304737124565 4.37005759449057 4.08128706651766 4.68744009105692 5.07330774807942 2.31740419713511 3.17366997396917 1.4980000634843 1.90151908929417 1.18950864764073 0.224044856475083 0.449175119547768 -0.392042771863244 -1.15002920493723 -1.19490670991217 0.629351053590947 2
-0.504033321605536 -0.814633307380091 1.06173878842328 3.4989733878735 0.824351816241556 2.15810548613515 3.662029818693 3.21832678748567 2.98771608581332 4.80876473699964 4.92832000902223 2.08226365441582 3.33723641533949 1.91818615235757 1.8759015956438 -0.748092127614003 0.965154616132545 -0.182323204440416 0.121290789027737 0.629115050086816 1.34641117270817 2
1.0590701295588 0.254180549423749 0.132051492277622 1.312611278606 2.30145702263764 3.44647811430893 5.86305604770745 3.96489474431682 3.18012405567334 3.55653486201435 3.55034205533429 3.47959165451629 0.512544332400131 2.39622257047586 2.08365193850582 0.585609602057002 1.56168460211253 -0.51085856875391 0.265864346610748 -1.17132381616749 -0.474668260994484 2
1.09745356643579 -0.184753908458266 -0.556819606159632 0.654378782982205 -0.358542332051066 0.857774879354433 3.04901696894048 1.23966904293325 2.73692236749073 4.11280561700468 4.59872724345167 4.89142570265342 3.65545152860945 3.66083954503124 1.73124740279504 3.39436638303547 0.78854608327199 -0.0823520334907015 1.05014448484735 0.0876922873445888 0.412534385764086 1
-1.16650462962559 -0.0817774971735639 -1.01637031942077 -0.924747616969478 1.4429384906866 -1.09847802252332 -0.166193256324711 0.333904598667576 0.0197270368502201 2.16638932961057 3.014293435532 4.09078427858314 4.23889814757066 4.94355214825432 4.09692152465866 2.80718083164894 2.51438512690515 1.73212104437027 1.81031570037822 0.685941930436741 0.821965087695209 1
-0.74691131008606 2.08866401442842 1.00636969122385 -0.161436377149987 1.38574201956214 3.16216941972641 5.45197961601365 3.71345891974297 2.78290119667399 4.18322209675614 4.14016331977565 2.84373877838813 0.0274175769137295 4.16351059986569 0.722407700547014 -0.101550686647152 1.55722150429562 -0.930472480079165 0.797045986564674 0.880986844876256 0.213867921090843 2
1.20673873333927 -0.0223609596472323 1.64429136586213 2.02813510922171 1.44767342503043 2.084245312684 4.36897816164854 4.37638593662784 2.74874975794457 5.66682445547768 4.26046371605296 2.76641515665752 2.97369457621067 0.234212400855323 0.19855400536612 1.45890168584482 -0.399468222498247 -1.29215934074058 1.19222422587981 -0.82972484123032 -1.57242321538693 2
-1.68721988054335 -1.23639310660469 0.978509203809387 2.46829837893891 2.04136624145732 2.99185613064089 4.25160306828314 4.42876180569782 5.32299305011987 2.86863871150824 4.4231697068716 4.63475041222194 3.29659061046507 2.32438648034442 2.24942531444328 3.35898316137981 0.442155462945799 -0.0652705500607014 -0.217911587067885 0.219174489694968 0.810546500926769 2
0.419709894906327 0.496433073531127 -0.617615748213199 -1.54438030938404 -0.663578420365435 0.974630575124619 -0.219704258882455 2.77124380607771 1.66184079092567 2.76804889143854 4.58875842353535 4.22822172935429 4.50928808733274 2.89247200346985 5.21602350211937 3.03492592064928 3.29214642757921 3.25341906473257 1.75239489094738 1.43551627144791 -2.86620960674279 1
3.19590119785739 -0.204346400211973 0.38790849886898 0.330932470678367 0.496591016531611 -0.715825434541615 1.47678153583037 -0.187219636698445 0.246782237498879 1.27967481877893 2.62191937384304 0.945493674042232 5.12146698480484 4.81173876719527 4.96370042723067 3.10310885522606 4.21857280319187 2.6270335824948 1.14439721021824 2.39489256926736 0.218731877496146 1
-0.840795801424047 -2.60946886704124 0.153782587724019 2.64090024450708 -0.0228284620928842 1.17600221049353 2.55791574563505 5.3296957946959 4.53678888184006 6.32154416030451 5.13448735096926 3.34220255792832 3.41821879244948 2.82806002496059 0.793048610112381 0.737190179223073 -0.865937769635399 -0.308729994505584 -0.192608546277913 -0.286221551902489 0.0586168516805308 2
0.674028668650456 -0.553658252760955 -1.17936537325272 -1.005144961456 0.312743716736159 1.59744853187334 1.747678947837 1.10377248461922 3.40767022366307 5.01251023733856 5.35421314713846 4.33947203094559 5.59389077460289 5.53080300728763 1.4615504175106 0.260840073571208 3.52449680218114 1.62731567063602 1.67621670121085 0.428885166839084 -0.0895344812627754 1
0.839687083840494 1.00594590924915 1.10408848203002 1.87047172700421 -0.417233560589896 2.65269428594127 4.19493148808387 6.19428938706101 3.52467593001589 3.04950670245803 6.67298973693965 3.59958661161998 4.12745032362717 -1.04717444788682 0.921551767216403 2.17881339763979 -0.932155695231725 -1.92795390492829 0.288556275521708 0.448841822065273 -0.873389549520128 2
2.23938816916782 -1.00513846241125 -0.0696625273052436 1.10596780578619 0.131799250869177 0.703654114900239 1.710746861482 1.5471957666449 4.94293841372113 2.66068430338086 4.4245285971601 3.80553678808706 4.92072542740868 0.839080077504939 2.85538038261951 2.80815823954568 1.49465003876355 -0.42041472925958 1.27092684486234 1.63885170315016 -0.754325248558344 1
1.72807759473682 -0.875923623219829 0.786492542794972 1.06320982662615 0.662063121742314 1.42581611237614 3.23120842435747 5.06634075547526 3.47408482755088 4.55932674983422 3.59437091432904 2.6704514965438 2.81794845707702 2.17680595809341 0.697665283269839 0.308110162199604 0.0718381042586017 -1.04058976675777 0.586958094437557 -0.313542150627909 -0.0176651604747921 2
0.984779968314556 -0.692851937110957 0.77541578574344 -1.01303340715888 0.87445997811918 1.35050478336243 3.17751214585561 5.62920520205277 4.54778256292857 4.23949052923381 2.75359408564821 2.61296967126857 4.70614842328626 3.25057300753492 2.31795984116531 -0.156225056950966 1.60026127461792 -1.10438621967681 -1.13000035701333 0.797717587186264 0.100002529472573 2
-1.22473787596427 -1.18869387598805 -0.167182002492452 -0.962698425418061 2.23973321115162 1.6961956189129 3.46973037221805 2.69033203841633 5.35451114756927 5.32773533182059 4.32615282538177 6.79689164413699 2.44467117281681 2.5192340919646 1.50151845597329 1.14821151304525 1.09024282511803 -0.746133897780799 -0.818227902176456 0.990645713486064 -1.31423582286472 2
0.709726218065825 -0.0492211144061267 0.0807003872444948 1.96270156915108 -0.155254088813823 0.74472088529606 2.52250068995231 2.13242113119459 2.71532450955473 3.57907565196198 5.48117386167011 3.54837543395918 3.94511242981361 5.51863773729252 3.54902494446776 0.658083513128342 1.10772639139983 -0.246494978966393 0.37514700293907 1.78244617345948 0.774418390400642 1
1.78260789538833 0.226055848915173 -0.445070303705106 2.33431841703175 2.84073340567687 0.646377728302077 2.08486369608261 2.6059465368319 3.34184576249547 3.0457587616738 5.42977638300985 4.1486913013128 1.98199642830954 1.39221216962274 2.00386447997164 0.123303793822477 2.19439783890363 -0.59307662577234 0.413744649185647 -0.785803772648599 1.10624692827014 2
-1.52710702225461 -1.10259632518001 0.656644119934708 0.119484570593628 0.55192386215171 -0.993840816184233 1.75150426822762 1.1907644414619 2.26315163469888 3.94829665369988 3.84002546621703 2.79910425728642 3.70912935303237 3.88098985554946 3.52491825973904 3.31791973203121 0.431076517140297 1.63258728177805 0.0343261481089847 0.458922927085956 0.221134600055459 1
0.491834371466622 -0.0512091866771769 -0.227159485295303 0.514927404411463 1.80353642096845 2.19486315562926 0.958493047685386 2.52326163477271 2.71456771114551 4.2496809759661 4.45954653645004 4.56292786729846 5.49231535312087 0.944803287366147 2.095357215215 0.300931087657715 -0.122696798736509 -0.423489451708933 1.4754030557973 0.546826473940286 0.87931964249706 2
0.354503660926992 0.5660949625959 1.27278584148814 0.19644344592465 0.409545392352493 -0.318056720059427 0.044042618233035 0.263454692613421 2.25808592771746 2.1137728477146 0.128690815654329 2.22773166929342 5.01812619959898 4.23329543945205 5.37476168006004 5.25135015545456 2.37267126750524 1.66843083692067 4.2324745346136 1.80293280312628 -0.19101371680614 1
-1.05655032211723 1.42975668820486 1.00532295488481 2.73460710517483 1.78705507541204 2.75812870785123 3.41008568048496 5.10536995885037 4.94859987132223 3.16205815647157 3.92534935356352 1.30776664610582 0.616790252016262 0.347648019122333 0.68916046786944 0.871159345830581 -0.33479722149108 -0.153539107686972 0.891352895851689 -1.82799723053873 0.715539663960317 2
-0.838914666078269 0.694047378599404 -0.953671712939253 -2.01520057977609 1.59861945374855 -0.0471278774538788 2.14588075945159 2.43936630993598 2.84207744779416 7.06650379828718 6.03578221135559 6.13009282266641 5.88231795167142 4.8416592656858 2.58083784320993 1.71762964155827 -1.07498969071255 3.11143060046896 1.83444045224166 1.08175988521812 -0.0609973107224363 1
-0.0126257164904259 -0.632729895584955 -0.0243506460341634 0.0473959880866878 -1.82290027350444 1.22746823344782 -0.532123013037102 3.35689210404739 3.30380080081305 5.05375323478355 5.84152221277199 4.70412264495523 6.00618506800471 3.40715953828417 3.25442614224423 2.15690233153369 1.07541136843005 -0.965386082098106 0.560756678328512 1.3034481260237 -0.316795490681547 1
-0.364457713905061 3.24732312343244 1.84652986278376 2.49849872644061 2.97156228447357 3.2846859358467 7.05268659264228 5.0462204515981 3.82772370312895 2.2152928237298 1.80539033989592 0.883309164369434 0.647900963162684 0.723112646287266 -0.0502256380820396 -0.888126763173989 1.78880270166576 -0.447041632586715 -0.295299379994952 -1.07825911111827 -1.9281062736561 2
-2.7042030254467 0.404796393348666 1.70295450651494 2.08693531852846 1.11925961171254 3.05932040780438 4.50613773483881 3.73843578574892 4.50374180251693 5.27360957056111 4.46266559395607 3.21696135773608 0.294016224517581 1.00386587488678 2.32500825426992 0.399367111366877 0.412025202686387 0.3412916278268 -1.0300184474268 0.0371305715889011 -0.391765722685996 2
0.427340324999113 -0.225469156234314 1.67803707536422 2.56539548328866 1.79098034451613 2.63539279590308 3.53161968708861 3.28375693397366 3.74273374802534 5.11363206962917 5.08816843673352 6.6374188695569 1.78620710799027 2.56347561661959 1.90933798721201 -0.127191659192084 -0.951142928618088 0.219036257997008 0.112514251410332 -1.44239161689966 0.0531609369494853 2
1.4667226423107 -0.971154213404922 -2.60132011942902 -1.1019513486432 2.14078489707259 2.63154602585354 1.8977421575362 4.15508048715261 3.19982957563864 4.0985607211699 4.16354350917265 3.20861563351263 3.83536722506584 2.04401953407007 1.60296118135636 1.54126421746032 -0.441991599466074 -0.154923944515153 0.199773768597277 -0.612412951723962 0.0187504174572385 2
-0.143056066294616 0.913962339054452 -0.362773742987749 -0.187165292033729 -1.42528403776185 -0.281420732376388 0.703693846428166 1.68215768700097 -0.182410082567683 1.14531960639768 1.43210605805863 3.0774573077378 4.41560671155904 3.81552781474883 4.92545401441345 4.29417698392522 1.24687660537522 3.35905623292171 0.235713269367478 1.3220771080573 1.7342711583423 1
1.29851372621074 -0.986062833322873 0.569932538092558 0.567634468128946 0.969974980650082 0.409359407507457 1.47853228413463 1.32629371363189 1.28587173492701 2.8542216462507 4.72505335973423 3.71380757043971 4.65200253526531 4.21929688641604 2.77108650664943 3.36041713932593 0.783810187313275 3.65773310985244 1.95605976545024 1.30599705606628 0.596923503879689 1
0.00131354755592194 0.742836779797217 -0.968932739689863 0.388733215686356 0.0359396973684712 4.09609687916902 0.992898421787654 2.64634024125847 4.00879693422722 4.21699728336206 4.50301386393469 5.01124567713784 4.48368232014183 2.20123939866314 1.19814588625583 -0.608208140113224 -0.199306385745731 0.20750178007885 0.273467529191443 -0.192415507829698 1.06244512069515 2
-0.676410075685581 1.40659548970662 -0.960650358604092 -1.37198301292582 -0.80310555068517 -0.524982194580296 0.87587481490833 3.41971166230578 2.89731229645345 3.45488682869173 3.09663291599146 3.1916497049168 4.36090882235638 4.08772032064765 2.46996575765081 2.78093124513149 2.22262064566205 2.09228291944691 0.357358441280669 0.410967886623541 0.824938111948789 1
-0.848196596885468 1.35091360255684 0.660005756790132 -1.30454858437444 -1.00449553216011 2.06796814068852 2.43357681130615 4.36843399487241 3.41674273285732 4.74511687134407 5.22912871451182 4.68861084505521 2.35375868757595 2.78039926128245 0.540681793985228 0.11699988011796 0.359995385588833 -0.586925420243407 -0.0690920367472362 -2.37958239258801 -0.48557194174839 2
0.227479443027071 0.420852711449382 0.188861307140529 3.56783062108147 3.54122003049206 5.05377973049587 4.97823711162955 5.12589994065657 4.02961196748114 2.83932337728504 2.5314547767077 0.8403410659635 -0.716027293624362 -0.320815098981621 -0.394803184283031 0.928686076410759 0.12107844105611 0.134593742891047 0.264225109279175 1.2519707854381 0.78406508057839 2
-0.0274014036111113 -0.711436468021996 1.64076890605542 0.39437036434641 -0.470416355031767 3.44478875839516 4.429948505972 2.09526441283939 3.71511352171854 4.4654162935645 3.77440102292095 3.94528512006581 2.26352905220937 1.57865755766917 2.00115159478261 1.51115191555781 -0.0381938134769495 -0.386070104498306 -1.17446441143417 -0.186971383433873 -0.0918114427065543 2
0.200877790585033 0.742351087035195 0.680986812465835 2.66041694977507 2.68362012031137 1.6901907526053 4.54199249815403 2.89557411279732 3.94849202753959 2.65894932947762 4.28475030284831 0.105170265665746 1.15765307185238 0.564648143337938 -0.540018704830341 0.60607154542619 -0.872905972754614 0.916148952853561 0.474763855653056 0.234051296725911 0.577136862943037 2
0.71459935608369 0.531669042463019 1.16318111435474 2.10075259223992 0.203531581265792 4.7553761493772 2.98997080619731 3.78387522798535 5.06773351961485 3.92863284959737 5.22596452651556 4.20010602427868 3.34605901313993 2.3200707187656 1.28686518068245 0.709011485295039 0.323471025211062 -0.657743328086551 0.907914725749329 1.09728963404931 0.114419296900576 2
-0.273181774889849 -0.604009754754033 1.52126864304235 0.587452509331047 -0.00484740234794186 -0.36833125444268 2.02051352831903 0.652521708651699 0.937682492173492 1.63835986355949 3.21830516983363 3.33295673277621 3.82853656523098 6.43838959666465 2.5200993805818 3.05945378443956 4.03329911093546 0.506320611771321 2.41960124582722 1.21752894404541 -0.713953803637732 1
0.437693886479643 1.59670662963944 2.43068447041162 1.08160747219057 3.47846404991853 4.98781761680325 6.17726065827453 6.8495297464283 3.281558971765 4.76740653682717 2.02649968188839 1.22054336979157 2.3618970243218 0.0815254079334099 -0.0121988966561173 -0.302668905702415 2.25298948645765 -0.733490471952919 0.874689028966849 0.156443151924632 1.26671815011332 2
-1.19353585074908 1.07588610128876 1.14059109224811 -0.508128148093857 0.894849793359077 0.271496390708368 2.26632585036053 3.89269654501643 2.26810032313953 4.8186953755812 4.93112541607903 6.77944952006206 5.34347604375054 2.97393221842579 1.06757668036749 1.23378319715893 -0.921856475125228 0.0425181547058349 0.0467016578547522 -0.458408936421693 0.0669029646852206 1
0.515883050535119 0.197890598879292 -1.65556135368929 0.451866719214799 2.30641643226721 1.73765979381302 2.80605774068156 2.82785896415279 2.76693375641995 2.79666443556041 4.67236299065881 4.19658623120099 4.97875890419831 3.42208792382052 1.73615883041114 2.53746733452671 1.56167581401829 0.206841769441682 0.955657906584595 -0.531622861708176 -1.48623051969828 1
-0.411055332086343 -0.323025942127973 0.647970789192561 -0.140343107800941 -0.15766885014801 2.8098399495126 3.19420337903453 4.59856278077863 4.05649462680657 5.28600022360998 4.76933042365993 2.66299321032958 1.21130878420043 0.946243345574958 0.713383325647584 3.08770240401864 -0.239758700034669 -0.809307847612827 -0.917650723005163 -0.0325387367175678 0.14059493354756 2
0.434395860831138 -1.00825000558906 -0.166937893615632 1.76504513995611 4.55778113010972 3.83788336673128 4.33646036871116 3.54530935337282 5.24245350144639 1.37389796682545 3.42330072559958 2.03977605482687 2.07501993555254 -0.0477501771723683 0.291276918437016 -1.27841651433919 -1.26896125131166 1.28865834908394 1.35989945985478 0.658040689540364 -0.458855081498758 2
1.30347768300503 0.129923153969037 1.01213161499515 1.26430832492208 -0.943824023273343 0.992530821052637 0.816492505900391 0.635901669512981 2.63779532502309 3.89297736304535 4.60107996296012 5.76074039991471 4.43540362187176 3.46812291562742 2.81876779011515 3.14128112139472 1.40591297689978 -0.142615594004387 0.581129851943491 -0.251495824115736 -0.660635960456355 1
-0.651695910733076 -0.425673133260061 -0.0601308429578255 -0.0340093652786424 -0.675454145126363 -1.11745821074493 4.14044796228252 5.51394028965655 5.16138340944301 5.51580116708286 3.40286699399236 3.76670922184559 4.73048237881819 3.65719889445212 -0.0131251813738382 1.12761655697739 0.159437571608361 -0.503754484442209 1.8298293707422 1.59535338034936 0.699667567827459 1
-1.12713286976328 -0.81336017108531 2.17210201001512 0.825438581550074 1.3133767268386 2.21210022223689 4.60183296148667 3.0831391318779 3.13393866633983 4.43205442480863 4.54598483537747 4.13775018840694 1.67061812120512 1.28044281227689 0.617076456517598 -1.39408596527927 -2.83653272169744 1.97720198326561 -0.0594636843352052 -1.3868287003881 0.93838469282067 2
0.19552905518189 -1.23658505079649 1.80416775214597 0.515166294747235 2.23308072300695 3.51461115135043 3.89557794700493 2.69284535095931 2.93904736042461 5.7350799839695 5.32004066685842 5.58363151272557 3.63331364778116 3.99759847784266 2.16916574317227 1.34116861011361 0.974138633268488 0.223271495477645 -0.559883892139241 -0.334630930158401 0.725475276607781 2
-1.38999281746208 0.600636475655456 1.10883718519675 3.086492384941 4.8738008959036 4.06117768581052 3.83279952829834 5.39851339512358 5.43288414397846 3.9746655884095 5.18065466176804 3.97479626336156 1.66614351507295 0.597270739584545 -0.477364501701171 1.62052313442543 -2.53391876785558 0.0246480538687652 0.989204530692014 -0.246249437817806 -0.0128609674727515 2
-1.12967785339758 1.23453395999937 0.569694950397991 1.90774407790039 3.03758719212556 5.85305403496668 4.41381790352279 4.49506834458002 4.4183173805525 4.1552836003781 2.64021962622149 0.697048102112769 0.226346237808644 -0.976804348136229 1.48626369439513 -0.0254949561339042 0.324381377840888 0.679607981498852 -1.96664976359189 -0.978678760653428 -1.93941244963299 2
-1.14115419483757 -1.51961751308999 0.389895101103217 -0.305488889429697 -0.813859139266671 0.82308510148546 2.07472322616587 3.25139685650683 3.43054081204336 3.92772207308344 3.70149482908193 5.24043667846049 3.37779610538965 2.08666126390161 2.89731104811243 2.93683279007448 2.36669926259775 0.0689947573162546 -0.830841989460343 -0.828860309011747 -0.345178169871779 1
-0.688671499600886 1.39905531466027 -0.0179507137482475 -0.0591880145084799 -0.673255314397327 -0.346337906496503 1.17519118214744 0.580526027140595 1.04443150622942 2.01013045022386 1.75874467434367 2.5533306415773 4.40574555979017 3.66012982662386 4.19028170296872 4.23206927180344 2.84459522499473 4.62750438446972 0.747574369378869 0.88912735533319 -0.812589814089816 1
0.170197818152129 -0.885339190903023 0.791724605090037 -2.00187218795239 1.402030463378 2.00288109807042 4.5239767723995 3.66839105294635 1.52514395329582 4.94135921511322 5.06180053484652 4.46500443613893 4.95902526748649 3.55136112147955 0.777145153731306 1.73713048614413 -0.102223989367532 1.36091741317027 0.0643774955790316 -0.73945430598274 -0.375435460078767 1
0.59448342725741 -0.478250730263472 1.84855699755271 0.239675104230994 0.652334852127972 0.647040902155255 2.61471428456961 3.87280429702456 3.0202603517861 5.00742008958656 6.43772917193235 3.57049078385397 2.93472480196163 2.12586974736607 2.40596548863376 1.57824775865706 -0.0381006103542124 0.247187079057702 0.287741848957969 -1.5579175983719 -1.59994746904244 2
-0.815032650724957 0.163332105966331 1.03671688493632 0.0425622275156778 0.642274168798481 0.26690817721474 0.700466516974166 2.0089834557146 1.33281279171153 1.64915328156684 3.75941289977208 4.04193177578456 5.17826423323284 4.94857161452877 4.29636856032315 2.92937163177625 2.16354627600758 2.99829729424191 -0.722107682268247 0.439181548800759 -2.77470153344967 1
-2.86434683706673 -0.337143856258392 -0.695685615560389 -0.262039198794157 -0.0127197649869594 0.895617201397669 -0.925042561660731 0.838728398596793 -0.0235714853291118 1.67512478342893 1.27121114145699 1.69138556653467 3.98449675414688 5.26664487414701 6.92265224180207 5.651659933477 3.56108260004706 3.69464258499467 1.72841411871328 0.545768573099285 -1.09328198804187 1
0.95382348170826 -0.66110812784715 0.889309473294668 0.103336954165721 1.68225316988033 4.27851794862135 3.90453153001097 1.91597544972883 4.36450842937212 3.66855840275856 3.41456134851436 2.80664219096406 4.19099546812013 3.23923618190427 2.34166159424208 0.10447128909715 0.738721035004576 -0.604520019787972 -0.451763451087195 1.1819301914791 1.45146575859332 2
0.615284770613444 0.578952019732256 1.75247367692363 1.57419937798154 0.189941785831438 0.85311365037129 3.60617205715126 3.23158191304484 5.23479653604223 3.34457925596849 6.00037367882136 4.31269482131651 5.53008093488453 3.59598218490683 3.91847022299933 -0.481340918581542 1.24054859264869 -0.302983239924969 1.2942518721128 -0.803254887516257 -0.0383073634589415 2
-1.07366134146979 0.506500373524185 -1.58478158266429 0.135303912879276 -0.326051022249221 0.921166433763576 2.24772179207327 1.41549437356985 3.99778840393072 6.4353657997731 6.24943281151935 4.98661411237775 4.18332348207282 2.71800686441449 0.818381959275593 3.08946632272926 0.304234584444291 0.27628468666656 0.371919823949278 0.837448988790682 -1.35912826087129 1
-0.299991196799737 -0.185605199812182 1.58466524655885 3.07014058458885 3.2683331856779 3.17060170926552 3.52099412828214 3.81843329760957 4.64835678164279 4.4662889499658 4.55535622071091 4.72017810911473 3.10861043749335 0.532007619798043 -0.138714891004128 1.0889124818478 0.0591445263956009 -0.298346213848611 -0.923355378146643 -1.39293213651879 -0.943184521418596 2
0.108106562802571 -0.957250328953504 -0.340514085118673 -0.591833695386405 0.586772894352092 2.40510410623785 1.32891672683867 3.21031567773832 3.18757286075236 5.23825722070341 3.97925033130577 4.25467970588862 2.86702801124554 3.79961120382403 1.95048119629807 1.74621160667379 -0.598635126624879 1.02586553211738 -0.712658817413786 1.25648875684631 -1.39807959589113 1
0.723200763587674 -0.0946343584532563 -0.625362690703707 -0.668737894045782 0.988333223717117 1.93276726210548 1.26342842735384 1.29603962312156 1.12510456277521 1.53837087420388 3.96417644373865 3.87226794966025 5.21976957677748 4.38693256956287 5.80131660350822 1.78048823348169 4.43859874248033 2.13034243845117 0.88892624358047 1.31122924982395 -0.208596913590995 1
1.39009509607427 0.649439317610584 -1.10120222898271 0.153878740931465 1.47562393528371 0.635362181409744 0.295328843162289 1.89401025222373 4.34603685211765 4.19650765049853 5.56370063999874 4.434094394888 5.77778186208688 3.600787182514 2.95946355833573 0.984279867740882 0.96069744408034 0.581985202017214 1.29400684972238 0.0141482552752421 0.804411596144073 1
0.290722844643498 -0.0589340902617142 0.688656505383638 -0.492696439200976 -1.76753109920023 -0.261277862634988 1.27873415308066 2.23294290501487 1.95880876891072 3.13460388922614 6.18332399957839 4.47808130399262 4.15736877913599 5.29135415141608 2.18677854644957 2.17789612548252 1.00733936809704 1.13604652288393 0.923861697321587 1.3502485766455 1.29364668330736 1
1.33417603370242 -1.94779407157618 1.43527187786736 0.409771539388102 -0.609633971769902 -0.329262208342923 0.843735969218046 2.45473647659598 1.489771977742 2.52429832556888 2.97892595157988 4.09239691432315 3.5367167767309 5.27413786703277 5.15418372478121 4.01655069705959 2.95305156366485 2.29865173792138 0.462626233370289 0.875129894115262 -0.53105229998032 1
-0.222763412932851 0.334772884085122 0.676372737023951 0.0495120518512082 2.70223746688453 1.39843442884351 2.17328132535579 4.43862992223985 3.36366495942265 4.45742501293002 1.97118771237813 1.87997486282903 3.78111947207639 1.02063576608966 1.40557499814982 0.0507908182484659 0.588847108405563 -0.865603569158816 -0.627640324182225 -0.182823393076043 -2.27415639810888 2
0.287422250114445 0.599679137233722 2.55653808963465 3.00234137228441 4.04461686631677 4.93919007547742 5.09074893056232 4.84994822091534 4.95665647948355 4.42801664843238 2.6430530205809 2.98968967364691 1.91018330917838 -0.146480506065749 -0.440524598392111 1.16995599831865 1.36858573287737 1.26670269673711 -0.625782986191083 -1.10124926885723 -0.430464678148532 2
-0.924937642238947 -1.51835138330586 0.250018704551322 -0.955425060047348 1.0280931190928 -0.359281263759631 1.18876918177996 0.329611975197141 1.43527595858648 4.2527728601692 2.99736368101118 4.07546849991289 3.77215444510537 3.90489408821279 4.54379378157417 1.87508942752837 2.18246627354885 2.54442488239462 1.50414492364032 1.6855419242299 1.35302739184525 1
-0.779977469185323 1.33034594561045 2.24769660724111 3.07533001067649 3.19971309755383 3.74905238450963 2.50281087370256 2.68082945865201 4.82663314139322 4.4239093898023 4.65295423555113 2.44295407748296 1.12751827671454 1.8271340502299 1.18290816408764 -0.300161251153369 -0.790108072379854 0.417717959872838 -0.10300425502754 0.857472253980337 -0.20610369874216 2
-2.16246900261166 1.7824866344656 1.57650938639379 1.19958585684677 3.34356851730362 1.56311426860401 3.41835726130368 4.36820744269288 3.00378305080003 4.35266134208765 3.28230138816642 4.62380295356572 1.92889218893688 1.43759025589783 1.67739691786757 0.303845433327788 -0.398807652887792 0.111496163530273 -0.114039195073073 -0.082386433096644 1.25249546909314 2
-0.425510899920945 0.986039270447351 -1.16236615136998 0.77353811942751 -0.50422197476045 0.048354645170152 0.978747325923508 1.39703231432594 0.026845340656354 3.24222159298375 4.48732834862769 2.72027371795767 3.74949276805402 2.80312078167622 4.51912555654662 2.75338349536061 3.60531530302334 1.08426256100473 -0.369454918476872 -0.0255951124335931 0.584212779175991 1
-1.01371765920455 -0.354016317791064 -0.453236167272313 1.85607336764302 1.08424598453846 1.3235692654566 4.58785868440174 2.51663974953498 4.91250592245652 3.73213546799828 6.06416572277754 5.57900372800947 4.22029957860841 2.58762484730994 1.76363017665176 1.5783715591768 -1.11568094665946 -0.0508299850593942 -0.633393016621902 0.26001968986474 0.882970534897478 2
-0.962119028303747 -0.328079581233709 -0.396081936554903 1.47171945585002 0.139438767131055 0.699064756804344 1.20060338810195 3.9343594994426 3.21498282963289 2.85539382663011 5.19129107872627 4.74926408219815 4.22837192531584 3.22125615995972 1.32833849622519 0.111701745355393 1.03671143043759 1.38694030155179 -0.530141596610561 -1.05880892166324 0.856337236090409 2
0.474634627277364 -0.00761423604441902 0.53253190433908 1.95198429886791 4.42943220338106 2.94746557601605 7.6295515206565 5.89746951053739 3.26839046057222 1.39056343546008 3.12249717028134 1.218895135496 1.76853744206858 -0.524451857079395 1.60101778995387 -0.0556991835308849 1.17357458312996 -1.81430375076757 0.157321180961863 0.955913576732039 0.0141386365116625 2
-0.60210489844813 0.928409395864299 0.758387891981524 -0.381966279527664 0.433715804571129 1.95378703900067 0.474337560208777 1.78729584358912 3.7930952369644 3.60442812325225 3.35338878261619 3.90183903410318 2.42887664111765 2.40707695336002 4.39159092729458 4.7076262266539 3.19499231624183 2.92190018212568 0.871887075663902 1.3961533647774 0.569303122666543 1
-2.02329764533368 -1.09739090473909 1.26243187565968 2.18334755352303 1.79912257512306 3.97196021564374 3.53589907823691 5.2610268528727 2.94300306114171 1.71371384115761 4.09212133515361 1.04273297280534 1.93339511259254 0.649390855629885 -2.04017073697011 1.14623285084311 -0.417201443455236 0.479116460178942 0.483751056980984 -0.416239029386925 0.932291358498657 2
1.15442128059814 0.821878106163116 -0.76913384719501 -0.0654181319989657 1.02068690052451 3.25049878843439 1.23950156094387 2.08219493198466 3.46699783026711 4.56213360339821 5.30238032278804 5.86752447078102 3.67164536395219 2.71713026122669 1.11693739273231 1.91370796165866 -0.992102832356874 -0.101743266357877 -0.353511108911393 1.40614481574947 -0.250116434257828 1
0.157517929375723 -0.819767370576176 0.166543363704078 0.996150219856987 -0.0287691921882373 -0.789366233022382 3.22842107371953 4.24488737427655 2.88214760752404 5.18494421634565 5.57676406726901 6.01518016741391 4.44334617479129 2.87527547791415 0.640390114750186 -0.184641812785137 -1.17523493852895 -0.965630903576573 -1.0143674726879 0.420722320662992 0.359661313879292 2
0.765932222984396 1.18647600224703 -0.675712385644723 0.312824606466879 -1.3905783149012 3.91826735116656 2.53678673018931 3.62149788192601 4.21210352480329 4.74141841841013 4.83634752820264 5.17248357601625 3.53024051903436 3.16348498898423 0.20033375592291 3.91940457444667 0.838088347089023 1.96290605608293 -0.465658941798268 0.496877817350666 2.50165236835112 2
0.927265399965311 0.66265658435809 -1.61723406227759 -0.121029097825109 -0.260100140007809 1.22995083941815 2.04827824101077 1.24859556512497 1.38856494250885 2.99396824094499 5.22873665477747 4.74172745351796 3.66894807215063 3.97928163917216 2.59134982816502 5.25477717658828 1.76020994446866 -0.438533587637911 -0.375201173485168 -0.776941350678579 1.25995031986631 1
0.0461345928404875 0.261672609235727 3.16705353224692 1.71958139238507 3.19057990682359 4.69077421107401 3.96932557624969 3.79253700359511 5.04287183995671 3.65966274991319 1.91884114472921 1.56716455001509 1.12393613621849 -0.538296227496266 3.29700966539746 2.51567222439169 -0.480092901716805 -0.260188018229149 -0.139665922244885 -2.64382713263179 -0.643360058564563 2
0.822915978645871 -0.0677702616560359 -2.16095244416957 0.566660058392043 1.35294140674424 1.63870231158012 1.71155608947296 0.928921062971135 3.93438495205679 4.98082063508395 3.37373677047055 2.58138705366937 4.20576752181497 3.6858405159154 3.3392751208866 2.76008417132054 1.0030218636579 0.364510565292384 0.0449224563162779 0.899790099601245 0.166574449443309 1
-0.849268796129039 1.86190212203419 0.320146370731425 2.91399243517915 1.13169412045374 3.5613476857109 3.99310356090271 4.25429588520548 4.23443961529435 5.23607265356906 3.79439041232446 5.20432502724993 2.03741968107142 3.28698999063713 0.128949932420007 0.533991864262426 1.06559159302466 0.680100433183598 -0.37123755145984 -0.742351202289641 1.33878623062574 2
-0.953610095681196 0.75722337664623 -0.549127904639596 1.11404785115473 -0.0583104632806768 -0.567882740939991 0.560726349793586 1.22884682210526 1.03210717346387 1.93753196341501 5.12879728430511 2.85875140881273 4.70364822581238 4.585194909804 5.80031963442236 4.42639138454129 4.98844489245804 2.56970744213406 1.52730677098372 -0.955592322627318 0.892730068683725 1
